# Distance d(mt) Pathloss PL(dB)
1.00               45.31
1.26               46.08
1.61               52.53
2.04               59.34
2.59               55.62
3.29               58.93
4.17               69.50
5.29               69.56
6.72               67.92
8.53               75.28
10.82              74.57
13.73              77.87
17.43              84.01
22.12              78.70
28.07              82.76
35.62              90.72
45.20              92.23
57.36              100.85
72.78              99.27
92.36              100.57
117.21             115.39
148.73             111.93
188.73             116.42
239.50             113.76
303.91             120.59
385.66             126.52
489.39             124.78
621.02             134.20
788.04             133.61
1000.00            138.15
